189
465
732
999
1270
1537
1799
2068
2350
2634
2910
3184
3456
3718
3974
4237
4512
4789
5066
5348
5628
5891
6146
6684
6955
7229
7521
7808
8068
8318
8581
8850
9107
9367
9659
9960
10233
10494
10769
11041
11287
11532
11805
12098
12373
12634
12913
13199
13459
13708
13978
14267
14539
14796
15066
15347
15608
15856
16121
16406
16683
16949
17226
17509
17773
18024
18282
18547
18807
19063
19330
19607
19882
20153
20428
20700
20958
21207
21459
21711
21961
22216
22482
22756
23026
23292
23555
23809
24052
24290
24530
24775
25025
25278
25537
25800
26060
26310
26553
26792
27029
27261
27491
27724
27963
28207
28451
28695
28941
29188
29429
29662
29892
30119
30345
30569
30792
31019
31254
31493
31733
31971
32209
32444
32673
32895
33114
33333
33555
33778
34005
34237
34474
34708
34937
35164
35392
35618
35836
36051
36274
36506
36738
36960
37181
37410
37644
37869
38083
38298
38527
38764
38993
39211
39433
39665
39896
40113
40322
40538
40767
40997
41220
41442
41674
41912
42141
42360
42578
42801
43023
43239
43454
43676
43906
44137
44364
44592
44823
45052
45274
45493
45712
45934
46156
46376
46597
46822
47051
47279
47507
47734
47962
48188
48410
48631
48850
49068
49286
49507
49731
49958
50187
50417
50648
50877
51102
51323
51543
51761
51978
52194
52414
52641
52873
53102
53330
53559
53788
54012
54228
54662
54890
55116
55339
55563
55794
56027
56248
56460
56673
56896
57125
57350
57572
57800
58039
58276
58498
58710
58924
59144
59365
59580
59794
60017
60253
60491
60722
60947