8.29233e-032
2.89515
0.0121157
0.0516844
0.15382
0.0105651
0.0899056
0.102284
0.0351655
0.107694
0.014188
0.0932285
0.000229079
0.0454858
0.0342385
0.052545
0.0145466
0.0133628
0.00696526
0.0474918
0.034183
0.0451376
0.0122647
0.00765392
0.026575
0.0357732
0.000436091
0.0338929
0.0371367
0.0019299
0.0286107
0.0132398
0.0225341
0.000278669
0.0202467
0.0118013
0.00646074
2.06594e-005
0.025329
0.0238957
0.0504922
0.0497129
0.0791205
0.043064
0.0716603
0.0145445
0.0264942
0.0320289
0.0241514
0.00322679
0.0499025
0.009868
0.097605
0.0945109
0.011377
0.104174
0.00914126
0.0294712
0.0387739
0.014038
0.00657827
0.0389574
0.006803
0.0380839
0.00134387
0.0380839
0.006803
0.0389574
0.00657827
0.014038
0.0387739
0.0294712
0.00914126
0.104174
0.011377
0.0945109
0.097605
0.009868
0.0499025
0.00322679
0.0241514
0.0320289
0.0264942
0.0145445
0.0716603
0.043064
0.0791205
0.0497129
0.0504922
0.0238957
0.025329
2.06594e-005
0.00646074
0.0118013
0.0202467
0.000278669
0.0225341
0.0132398
0.0286107
0.0019299
0.0371367
0.0338929
0.000436091
0.0357732
0.026575
0.00765392
0.0122647
0.0451376
0.034183
0.0474918
0.00696526
0.0133628
0.0145466
0.052545
0.0342385
0.0454858
0.000229079
0.0932285
0.014188
0.107694
0.0351655
0.102284
0.0899056
0.0105651
0.15382
0.0516844
0.0121157
2.89515
