4.67873e-051
4.67873e-051
4.67873e-051
4.67873e-051
4.67873e-051
4.67873e-051
4.67873e-051
4.67873e-051
4.67873e-051
4.67873e-051
4.67873e-051
4.67873e-051
4.67873e-051
4.67873e-051
4.67873e-051
4.67873e-051
4.67873e-051
4.67873e-051
4.67873e-051
4.67873e-051
4.67873e-051
4.67873e-051
4.67873e-051
4.67873e-051
4.67873e-051
4.67873e-051
4.67873e-051
4.67873e-051
4.67873e-051
4.67873e-051
4.67873e-051
4.67873e-051
4.67873e-051
4.67873e-051
4.67873e-051
4.67873e-051
4.67873e-051
4.67873e-051
4.67873e-051
4.67873e-051
4.67873e-051
4.67873e-051
4.67873e-051
4.67873e-051
4.67873e-051
4.67873e-051
4.67873e-051
4.67873e-051
4.67873e-051
4.67873e-051
4.67873e-051
4.67873e-051
4.67873e-051
4.67873e-051
4.67873e-051
4.67873e-051
4.67873e-051
4.67873e-051
4.67873e-051
4.67873e-051
4.67873e-051
4.67873e-051
4.67873e-051
4.67873e-051
4.67873e-051
4.67873e-051
4.67873e-051
4.67873e-051
4.67873e-051
4.67873e-051
4.67873e-051
4.67873e-051
4.67873e-051
4.67873e-051
4.67873e-051
4.67873e-051
4.67873e-051
4.67873e-051
4.67873e-051
4.67873e-051
4.67873e-051
4.67873e-051
4.67873e-051
4.67873e-051
4.67873e-051
4.67873e-051
4.67873e-051
4.67873e-051
4.67873e-051
4.67873e-051
4.67873e-051
4.67873e-051
4.67873e-051
4.67873e-051
4.67873e-051
4.67873e-051
4.67873e-051
4.67873e-051
4.67873e-051
4.67873e-051
4.67873e-051
4.67873e-051
4.67873e-051
4.67873e-051
4.67873e-051
4.67873e-051
4.67873e-051
4.67873e-051
4.67873e-051
4.67873e-051
4.67873e-051
4.67873e-051
4.67873e-051
4.67873e-051
4.67873e-051
4.67873e-051
4.67873e-051
4.67873e-051
4.67873e-051
4.67873e-051
4.67873e-051
4.67873e-051
4.67873e-051
4.67873e-051
4.67873e-051
4.67873e-051
4.67873e-051
4.67873e-051
2.1743e-029
0.0385006
0.0136186
0.00511657
0.00376216
0.00205785
0.000706034
0.000480449
0.000557437
0.000912082
0.000295409
0.000419359
0.000120435
7.01085e-005
0.000277451
0.000726568
0.000236204
1.87996e-005
6.35543e-005
0.000242406
0.000214105
0.000243804
6.91085e-005
9.33993e-005
3.52928e-006
0.000307684
0.000135513
0.000204643
6.45748e-005
0.000101575
0.000565911
0.000409784
0.000144173
0.0002898
3.81486e-005
0.000354884
0.000695816
0.000523602
0.00056934
8.46272e-005
6.50568e-005
0.000290609
0.000366737
0.000234991
0.00011879
0.000152956
9.83102e-005
0.000278467
0.000588652
0.000141894
4.09931e-005
6.69882e-005
0.000260886
0.000169528
0.000231464
6.99548e-005
5.48834e-005
7.5694e-005
0.000383316
0.000196839
7.23489e-005
3.08238e-005
2.24021e-005
0.000160982
0.129849
0.000160982
2.24021e-005
3.08238e-005
7.23489e-005
0.000196839
0.000383316
7.5694e-005
5.48834e-005
6.99548e-005
0.000231464
0.000169528
0.000260886
6.69882e-005
4.09931e-005
0.000141894
0.000588652
0.000278467
9.83102e-005
0.000152956
0.00011879
0.000234991
0.000366737
0.000290609
6.50568e-005
8.46272e-005
0.00056934
0.000523602
0.000695816
0.000354884
3.81486e-005
0.0002898
0.000144173
0.000409784
0.000565911
0.000101575
6.45748e-005
0.000204643
0.000135513
0.000307684
3.52928e-006
9.33993e-005
6.91085e-005
0.000243804
0.000214105
0.000242406
6.35543e-005
1.87996e-005
0.000236204
0.000726568
0.000277451
7.01085e-005
0.000120435
0.000419359
0.000295409
0.000912082
0.000557437
0.000480449
0.000706034
0.00205785
0.00376216
0.00511657
0.0136186
0.0385006
